8860316304
6048053416
8057328900
6645951148
6607830716
7260875077
8776587580
8014938924
9437320421
9022144503
9490324906
9466188171
6846109074
7013298400
8778484685
9649911016
9131870647
6995990657
6205146498
7360777811
9403795495
6304105704
8719588240
8729943029
6640993112
6877052797
9430107993
9482946929
7020887808
9014895885
8892548060
9382406509
7675444944
7404324291
6193661325
7611176565
8724567271
9179068827
9422025065
7831522404
6394867426
7608162146
8599030362
9137295218
7202802796
7609393743
7119670099
9511714955
9021925069
9680188878
9414620686
7052159160
7538032351
6967315260
6156482824
6794596519
6853272086
8170031181
6095171267
9927400752
6383269212
8398754767
9790728673
6534795363
6567354452
6547638103
7011582724
8204908532
6747882555
8611076994
9169938868
7954383321
8994339440
9486685776
6943570606
7355438936
8127721137
9347773022
6159211618
7028300710
8528266841
7471677726
8318936877
6554718899
7304636310
7765495174
7170622448
7498740861
6207674616
6735855290
8929251834
6174928432
7581097751
7844007301
7084768537
9526267596
7710526561
8373109776
8455465429
8707406734
7450061834
9505951071
6023284435
9913866529
9166093119
9662150507
7642020984
6289684452
9796166973
9920809279
8364612251
6871909287
8085286335
6726671592
8929978190
6727047808
8350056578
8022959204
6169920055
7716987094
9112452218
6916836502
7955516652
8561379802
7487332623
8008102370
7068281732
9622909026
9251818054
9135672459
7814997235
7593845881
6560970308
6489973709
7041803117
8765521588
9751367976
6771350103
9328148558
8993141672
7714192879
6169432064
8179405339
9682486956
7730556086
6952179443
6812116631
9177015860
7134067363
6217698893
7280418158
6393002627
8434650185
9607619441
9061562074
7778638935
6876564028
7846878289
9678908732
9771637724
6582901764
9928116022
9321218952
9576964423
8613867773
9267226233
6002846113
8094905359
9884516644
8538805847
6182669977
9319772193
6349862322
7593777000
7913772379
6056158220
7334875664
9696747078
6743807668
8926025585
6690364979
8339758709
8254627099
8911735361
6479190876
9607338579
8172836271
7215827142
9893563817
9678307934
6209011016
7640021714
7447999584
6553980065
6993709009
6845335754
6622159789
9285464331
8301858328
8715049544
